13780
6284
-27078
9070
-303
-30356
-10734
8670
10498
-11992
31658
-18481
15975
17158
19856
-1538
-21551
8332
-11563
1397
11748
-17397
4798
-15492
12524
-11887
-28646
-13095
-19010
-3434
30312
6344
18183
-30859
16523
-26323
20398
-9628
-28080
-27707
9656
-9318
18544
-30385
27363
-27518
-26332
-16393
25432
-926
-13792
-25034
-7053
18477
12589
10050
16666
12102
-24648
13392
32049
6029
3566
-30914
5770
-7688
27123
-21391
-22595
2372
-20410
13917
-8658
-3670
-15742
4066
-23354
5533
-24808
31293
-17091
-28999
-4920
-7684
-16740
-9822
-23247
8656
-20391
-21762
-5204
-14929
-4154
9897
20162
2430
10934
-21961
-32735
-4647
-6576
18662
17049
10571
29922
26668
24382
-32123
-21887
28923
21756
12808
2468
-28704
3161
12885
-549
-3235
-30175
29903
20006
30241
-30316
-17
-2404
6815
-21841
20599
14158
-5063
9900
5823
-32535
-2849
8287
-29752
-24246
-11495
24432
-13521
-28465
-7115
-22218
-21409
305
-5258
-17793
-8830
23996
4760
-18901
12866
-22861
1862
3403
-20346
-22713
22526
10407
-5811
29289
-24501
-14387
30502
28270
-1892
19037
19838
4750
26211
-31894
32063
-24028
21086
-12956
12277
20105
22861
24813
-19958
-14532
-21119
-7753
6446
939
-33
-12411
-14908
-16434
-10113
-3375
11647
-4168
18772
-22841
4524
14366
18991
11778
-28202
-26585
4566
28232
19315
25517
-30936
-5138
564
21696
27451
-5672
-14991
-20300
-13816
24799
8922
-12816
18500
-11452
30261
23127
8889
32139
-14069
-12289
-1481
-6558
-14468
23386
-8792
28457
22984
1767
28256
11797
-9682
-13305
4409
23890
-5619
-12948
12203
-9914
-27798
23760
7969
-530
14370
31926
-1016
18136
-465
7971
4886
25328
-29172
-8880
4264
-10187
-9823
9058
10031
29844
-31192
-27753
-10681
-30097
14858
-28110
24539
-30853
-6254
-26729
1703
-22530
20758
30639
-1287
-7874
-30131
32153
-20007
-13617
-21185
4101
-32219
-21953
-22070
23145
30079
-19151
-20214
-6467
-20732
-4465
-5939
-22705
-20200
-21172
-29374
29380
-24331
10012
6393
32288
-3584
-19461
6697
10492
18765
8461
18402
-3786
-20769
-5070
-4074
-11871
-1258
-3822
-13871
4021
-14177
-10164
7254
9124
-12389
-2284
30994
11132
27783
-16116
-7610
20383
-30558
-22331
-21902
-16466
-4796
-20758
-23009
13218
-28917
13144
-4776
4838
29179
-27835
-12681
13727
29536
3726
12831
-14532
18588
22482
-29037
14656
1166
-4645
4400
2063
3353
5300
-15710
-8146
1641
-10781
24481
29955
20478
521
22995
-19351
-18440
27778
-19109
-6799
-30496
-29939
-3593
-7783
-1241
-10333
-19995
-8700
20800
16534
-409
11382
18429
-5271
-1443
2354
6645
31953
22166
28142
-19166
-18148
-30124
20354
-14512
6338
-10801
31957
10417
9461
21760
20301
-25348
7148
19465
-18614
-21996
-17796
24635
4641
31399
-11433
10374
-2391
-28381
-26195
23591
25910
15579
-19320
-20774
16783
11196
-21504
28858
-16083
20285
3216
16419
25232
9691
15920
-2756
-31508
-5303
-3980
-10400
31854
15208
536
9591
-10672
30682
